Periode,Suhu
1,23.71
2,24.76
3,24.73
4,24.76
5,25.03
6,24.08
7,23.79
8,23.91
9,23.91
10,23.58
11,24.02
12,23.2
13,24.12
14,22.95
15,23.39
16,23.44
17,23.85
18,23.97
19,23.47
20,23.27
21,23.05
22,23.76
23,24.53
24,24.61
25,24.62
26,23.74
27,23.76
28,24.15
29,23.64
30,24.34
31,24.36
32,23.69
33,22.73
34,22.98
35,24.07
36,24.98
37,25.01
38,24.56
39,24.02
40,23.4
41,24.02
42,24.62
43,24.58
44,24.37
45,23.83
46,23.26
47,23.4
48,24.3
49,24.89
50,24.57
51,24.04
52,24.11
53,23.03
54,23.43
55,24.54
56,24.33
57,24.95
58,24.33
59,23.5
60,23.55
61,23.73
62,24.97
63,24.94
64,24.05
65,24.12
66,23.41
67,23.65
68,23.81
69,24.06
70,24.17
71,23.65
72,23.26
73,23.42
74,24.12
75,26.46
76,25.9
77,24.87
78,24.23
79,25.12
80,24.48
81,25.16
82,25.07
83,24.93
84,24.33
85,24.06
86,23.89
87,24.28
88,23.88
89,24.13
90,23.78
91,24.43
92,23.66
93,23.77
94,24.08
95,24.23
96,24.53
97,23.96
98,23.48
99,23.57
100,24.54
101,24.75
102,24.41
103,23.88
104,24.07
105,23.54
106,23.79
107,24.15
108,24.75
109,24.62
110,24.14
111,22.61
112,23.08
113,24.15
114,25.58
115,24.92
116,24.35
117,24.14
118,24.16
119,24.64
120,24.1
121,25.15
122,24.67
123,23.28
124,22.77
125,22.78
126,23.9
127,25.91
128,25.76
129,25.84
130,24.41
131,25.23
132,24.54
133,24.61
134,24.91
135,24.76
136,24.28
137,23.76
138,24.34
139,24.53
140,24.61
141,24.55
142,23.64
143,24.48
144,23.51
145,23.59
146,24.05
147,24.17
148,24.76
149,24.23
150,23.58
151,24.12
152,24.67
153,25.13
154,24.08
155,24.12
156,24.17
